16.73,15.58,16.73,60.5,107.48,60.5,107.48,15.58,康夫
109.77,19.71,109.77,57.29,199.15,57.29,199.15,19.71,8881
205.56,31.63,205.56,59.13,342.15,59.13,342.15,31.63,专业吹风机
378.35,26.13,378.35,56.83,440.23,56.83,440.23,26.13,正品
446.19,11.46,446.19,58.67,538.31,58.67,538.31,11.46,包邮
138.65,149.42,138.65,159.04,233.52,159.04,233.52,149.42,KANGFU
237.19,150.33,237.19,159.96,264.69,159.96,264.69,150.33,8881
140.02,160.88,140.02,167.75,162.02,167.75,162.02,160.88,1900
163.4,163.63,163.4,169.13,197.77,169.13,197.77,163.63,Watts
426.94,204.42,426.94,211.29,459.48,211.29,459.48,202.13,###
428.77,213.58,428.77,222.29,447.1,222.29,447.1,213.58,###
331.15,287.83,331.15,298.83,348.56,298.83,348.56,287.83,###
9.85,263.08,9.85,317.17,111.15,317.17,111.15,263.08,功率
279.81,266.75,279.81,313.5,108.4,313.5,108.4,266.75,1900W
11.69,321.75,11.69,352.0,276.6,352.0,276.6,321.75,专业发型师信赖产品
376.06,341.92,376.06,370.79,522.73,370.79,522.73,341.92,送风嘴2个
152.85,475.29,152.85,486.29,96.48,510.13,96.94,497.29,KANGFU
119.85,418.0,120.77,425.33,106.56,430.38,106.56,422.13,###
55.23,474.83,55.23,482.17,80.9,503.71,81.81,495.92,KANGFU
181.73,488.13,181.27,482.17,208.31,469.79,208.77,476.67,###
143.23,410.67,144.6,416.17,125.35,423.96,123.98,417.08,###
150.1,354.29,157.9,361.17,144.15,363.92,135.44,357.96,FU
